Metodo de Euler
y(0.0) = 0.0
h = 0.1
1 0.1
2 0.22999999999999998
3 0.402
4 0.6328
5 0.9459200000000001
6 1.3742880000000002
7 1.9640032000000003
8 2.7796044800000006
9 3.911446272000001
10 5.486024780800001
11 7.680434693120002
12 10.742608570368002
13 15.019651998515204
14 20.99751279792129
15 29.356517917089803
16 41.04912508392572
17 57.40877511749601
18 80.30228516449442
19 112.34319923029219
20 157.19047892240906

Metodo de Euler Inverso
y(0.0) = 0.0
h = 0.1
1 0.12999999999999998
2 0.3188
3 0.599328
4 1.0229516799999998
5 1.6698046207999997
6 2.6648952084479998
7 4.2032365251788795
8 6.5890489792790525
9 10.296916407675322
10 16.067189595973502
11 25.054815769718665
12 39.06151260076112
13 60.89795965718734
14 94.94881706521227
15 148.05415462173113
16 230.88448120990057
17 360.08579068744484
18 561.625833472414
19 876.0143002169659
20 1366.446308338467

Metodo de Euler Aprimorado
y(0.0) = 0.0
h = 0.1
1 0.11499999999999999
2 0.2732
3 0.495336
4 0.8120972800000001
5 1.2689039744000001
6 1.9329778821120003
7 2.9038072655257605
8 4.328634752978125
9 6.425379434407626
10 9.516561562923286
11 14.079511113126465
12 20.820676447427168
13 30.78560114219221
14 45.521689690444475
15 67.31910074185782
16 99.56726909794958
17 147.28255826496536
18 217.88918623214875
19 322.37499562358016
20 477.00199352289866

Metodo de Runge-Kutta
y(0.0) = 0.0
h = 0.1
1 0.11720000000000001
2 0.27973781333333336
3 0.5099075540764445
4 0.8409660953343014
5 1.322523823280022
6 2.028586204647585
7 3.0695496610129576
8 4.61009621432173
9 6.895887526110868
10 10.29338528561712
11 15.349252610064578
12 22.878965093520332
13 34.09899486217407
14 50.823993935733796
15 75.76093922039863
16 112.94791839970932
17 168.40868147412638
18 251.12905711100348
19 374.51350546105425
20 558.5579065464366

Metodo de Adams-Bashforth
y(0.0) = 0.0
h = 0.1
1 0.1
2 0.23
3 0.402
4 0.6328
5 1.0000693333333337
6 1.5614341125925932
7 2.371478955576956
8 3.5562897568102567
9 5.322112152811023
10 7.948071435097203
11 11.842879470037946
12 17.634844565043323
13 26.263236003240277
14 39.11619858901283
15 58.26318065137909
16 86.79727381134629
17 129.32922559745685
18 192.7285234455177
19 287.2380752505461
20 428.1320989639961

Metodo de Adams-Bashforth por Euler
y(0.0) = 0.0
h = 0.1
1 0.1
2 0.22999999999999998
3 0.402
4 0.6328
5 0.9459200000000001
6 1.4503504000000003
7 2.23691931688889
8 3.358441744426052
9 4.996950834981482
10 7.481986396679565
11 11.180288833358993
12 16.624920205036048
13 24.75005813042159
14 36.91389979002545
15 55.00622413226306
16 81.93204430281412
17 122.13841135433529
18 182.12506888649386
19 271.51271918219487
20 404.8197598488206

Metodo de Adams-Bashforth por Euler Inverso
y(0.0) = 0.0
h = 0.1
1 0.12999999999999998
2 0.3188
3 0.599328
4 1.0229516799999998
5 1.6698046207999997
6 2.566695703722667
7 3.835179325940291
8 5.760861808339606
9 8.649737844496507
10 12.882727090398292
11 19.176216262218155
12 28.622431363397332
13 42.682670742755
14 63.57155794218726
15 94.75900710179593
16 141.32328873540723
17 210.69586797430594
18 314.11625090008704
19 468.4453567512089
20 698.6313848849252

Metodo de Adams-Bashforth por Euler Aprimorado
y(0.0) = 0.0
h = 0.1
1 0.11499999999999999
2 0.2732
3 0.495336
4 0.8120972800000001
5 1.2689039744000001
6 1.9456653358080005
7 2.950345550541228
8 4.4303307336186855
9 6.621782456444583
10 9.886678943910471
11 14.744965826995502
12 21.969436235366636
13 32.73516478160924
14 48.78966018696078
15 72.71728424412109
16 108.38614825552165
17 161.58444762054384
18 240.92439428438703
19 359.23897662227535
20 535.6960631387404

Metodo de Adams-Bashforth por Runge-Kutta
y(0.0) = 0.0
h = 0.1
1 0.11720000000000001
2 0.27973781333333336
3 0.5099075540764445
4 0.8409660953343014
5 1.322523823280022
6 2.0283613404798517
7 3.0687222083470234
8 4.608280207362134
9 6.892365150866895
10 10.286722882122
11 15.337228379453155
12 22.858123524780794
13 34.06348461117284
14 50.76424086830342
15 75.66185037267212
16 112.7854015470906
17 168.14409639982526
18 250.7012522219536
19 373.82620777433675
20 557.4593489350095

Metodo de Adams-Moulton
y(0.0) = 0.0
h = 0.1
1 0.1
2 0.23
3 0.402
4 0.6328
5 1.0078878903703705
6 1.563017540793245
7 2.3736285198945017
8 3.5716940750922532
9 5.347451653362714
10 7.9837265787515665
11 11.904124131030422
12 17.740274954247024
13 26.434185464396172
14 39.39124053903579
15 58.70796892474856
16 87.5118939044728
17 130.46858328344499
18 194.53801954458493
19 290.10293091032514
20 432.6520153287327

Metodo de Adams-Moulton por Euler
y(0.0) = 0.0
h = 0.1
1 0.1
2 0.22999999999999998
3 0.402
4 0.6328
5 0.9459200000000001
6 1.466947537777778
7 2.250606875791592
8 3.3982368641094247
9 5.111333007345413
10 7.66817530169513
11 11.483468061080995
12 17.189059284146744
13 25.727078965858812
14 38.50784336020317
15 57.64710152361279
16 86.3145004435026
17 129.25917356724096
18 193.5980929519178
19 289.99574404975453
20 434.4324151688937

Metodo de Adams-Moulton por Euler Inverso
y(0.0) = 0.0
h = 0.1
1 0.12999999999999998
2 0.3188
3 0.599328
4 1.0229516799999998
5 1.6698046207999997
6 2.5656130497071405
7 3.880005940126323
8 5.851191180281772
9 8.786900801053122
10 13.171127534671792
11 19.73184777969672
12 29.549563895551536
13 44.247846327038175
14 66.26108482421509
15 99.23474923512376
16 148.6321708155292
17 222.6405019075538
18 333.5274408149777
19 499.67587426077694
20 748.6321832519455

Metodo de Adams-Moulton por Euler Aprimorado
y(0.0) = 0.0
h = 0.1
1 0.11499999999999999
2 0.2732
3 0.495336
4 0.8120972800000001
5 1.2689039744000001
6 1.9561655601152004
7 2.9772847683824413
8 4.491515197100862
9 6.749476004237577
10 10.12106941279767
11 15.15997920972553
12 22.698402864048003
13 33.982255023383374
14 50.878146345105776
15 76.18372514225067
16 114.09101356088829
17 170.88151779295274
18 255.9680248430554
19 383.4553083466466
20 574.4789392437563

Metodo de Adams-Moulton por Runge-Kutta
y(0.0) = 0.0
h = 0.1
1 0.11720000000000001
2 0.27973781333333336
3 0.5099075540764445
4 0.8409660953343014
5 1.322523823280022
6 2.037549603262557
7 3.0979784636635808
8 4.673215450290414
9 7.021739787935054
10 10.528693362910344
11 15.770967904172227
12 23.61399230279625
13 35.35415814764138
14 52.93393380780964
15 79.26427939645501
16 118.70711886963288
17 177.79862564295274
18 266.3331204059376
19 398.9871079164257
20 597.7529033453517

